Total unique LeetCode problems in 2025-2026: 322

1, 2, 3, 4, 5, 10, 11, 14, 19, 20
21, 23, 24, 25, 26, 27, 30, 32, 33, 42
44, 49, 53, 55, 57, 61, 62, 63, 64, 69
70, 71, 72, 76, 81, 82, 84, 85, 86, 88
91, 94, 95, 97, 98, 99, 100, 102, 104, 105
106, 108, 110, 112, 113, 115, 116, 117, 120, 121
122, 123, 124, 125, 127, 128, 129, 130, 132, 133
134, 138, 139, 143, 145, 146, 149, 152, 154, 155
160, 162, 163, 167, 173, 174, 188, 198, 200, 206
207, 208, 209, 210, 211, 212, 213, 214, 215, 218
219, 221, 224, 226, 230, 234, 235, 239, 242, 249
252, 256, 261, 269, 271, 272, 278, 286, 287, 295
297, 298, 300, 301, 305, 309, 310, 312, 315, 316
317, 321, 322, 323, 324, 329, 332, 335, 336, 337
340, 347, 352, 354, 355, 358, 359, 362, 367, 374
376, 377, 378, 380, 383, 387, 394, 395, 403, 404
407, 410, 417, 424, 430, 431, 432, 435, 437, 438
444, 449, 450, 451, 460, 463, 480, 501, 502, 506
508, 516, 529, 535, 540, 547, 552, 567, 568, 576
583, 588, 594, 617, 621, 639, 640, 642, 647, 652
654, 658, 668, 669, 675, 677, 678, 680, 684, 685
687, 691, 692, 694, 695, 703, 704, 705, 706, 711
713, 714, 715, 718, 719, 720, 730, 733, 740, 741
744, 745, 746, 759, 767, 772, 785, 802, 814, 827
841, 852, 856, 864, 865, 872, 875, 889, 890, 895
904, 909, 918, 921, 931, 934, 938, 968, 973, 978
980, 981, 986, 987, 1004, 1011, 1020, 1025, 1026, 1035
1046, 1047, 1054, 1060, 1080, 1091, 1092, 1094, 1109, 1123
1136, 1137, 1143, 1157, 1162, 1166, 1192, 1201, 1203, 1235
1249, 1268, 1277, 1288, 1293, 1325, 1326, 1339, 1383, 1466
1481, 1482, 1584, 1617, 1647, 1697, 1770, 1791, 1836, 1838
1905, 1911, 1931, 2034, 2050, 2127, 2226, 2246, 2279, 2316
2542, 2560
